SO ./map              
NO ./map         
EA ./map
WE ./map

C 20,34,22
F 20,45,35


1111111111111111111111111
1000000000000000000000001
100000000000000000N000001
1000000000000000000000001                  
1000000000000000000100001   
1000000000000000000000001
11111111111111111000001111111111111111111
                1000000000000000000000001
                1000000000000000000000001
                1000000000000000000000001
                1000000000000000000000001
                1000000000000000000000001
                1000000000000000000000001
                1000000011111111111000001
    1111111111111000000011111    1100000111111111111111111
    1000000000000000000000001    1000000000000000000000001
    1000000000000000000000001    1000000000000000000000001
    1000000000000000000000001    1000000000000000000000001
    1000000000000000000000001    1000000000000000000000001
    1000000000000000000000001    1111111111111111111111111
    1000000000000000000000001
    1000000000000000000000001
    1111111111111111111111111